0.00000000 
siker 2.00078370 0.81618372 0.40857142 0.40855053 0.00000115 6
siker 1.99999687 -0.81649786 -0.40824701 -0.40824701 0.00000000 11
siker 4.00115751 -0.00081938 0.70702027 0.70719281 0.00000239 3
2.00000000 
maxit
siker -0.89898412 -0.16453182 0.98261545 0.08600091 0.00000000 7
siker -0.89901513 -0.16453240 0.98261561 0.08599796 0.00000000 21
siker 7.99473418 0.00019494 -0.70716042 -0.70705311 0.00000004 7
kezdovektor
sikertelen 3.00888556 -0.62308522 -0.57124644 -0.04804278 -0.53210357 0.98251832 9
sikertelen 2.99942726 0.81622920 0.40876610 0.40826472 0.00030024 1.00180158 8
0.00000000 
siker 10.00101546 0.18284320 0.36512980 0.54769471 0.73025961 0.00000749 3
siker -0.81300559 0.76356161 -0.44405929 0.46881236 0.00000001 7
siker 5.61280109 0.36840433 0.86705355 0.33540483 0.00000135 5
siker 2.90119182 -0.02354128 0.41711177 0.90855026 0.00000000 1
siker -0.81297864 -0.76355522 0.44404260 -0.46883856 0.00000000 2
siker 2.90104913 0.02357198 -0.41706437 -0.90857123 0.00000003 28
maxit
siker -0.99629834 -0.02955539 -0.05063823 0.20851966 -0.56799877 -0.31355413 -0.24249892 0.20764377 0.65591261 0.00000000 3
siker -0.61636754 -0.21070090 0.42719447 0.28171555 -0.55834231 0.42173996 -0.41944091 0.13487394 -0.10006987 0.00000000 2
sikertelen 0.53727311 -0.23307478 0.16080704 -0.78600972 0.36426344 -0.22352654 0.11482273 0.29402101 0.14043283 0.29699235 309
