6

3
2 1 -1
-1 2 2
-1 2 2
6
0 15 0.001
0 0 1
2.5 20 0.001
0 0 1
2.5 20 0.00001
0 0 1
4.5 20 0.001
0 0 1
2 5 0.0001
1 1 1
2.7 5 0.000001
0 0 1

3
10 2 -2
15 1 7
21 3 5
4
0 25 0.0001
1 0 0
2 25 0.0001
1 0 0
7 30 0.001
1 0 0
7 30 0.001
0 0 0

4
4 -2 0 0
-1 4 2 0
0 -2 4 1
0 0 2 4
2
0 15 0.001
1 0 0 0
2 30 0.0001
1 0 0 0

4
1 1 1 1
2 2 2 2
3 3 3 3
4 4 4 4
2
0 20 0.001
1 0 0 0
9 40 0.001
1 0 0 0

3
1.20000   2.30000  -1.10000
3.40000   4.40000  -0.60000
-0.80000   1.70000   2.10000
6
0 20 0.0001
1 0 0
5 30 0.001
1 0 0
2.9 90 0.001
0 0.5 1
-0.8 30 0.0001
1 0 0
4 40 0.0001
1 1 1
4 20 0.0001
1 1 1

8
0.849445   0.448319   0.596961   0.382110   0.865312   0.330288   0.093860   0.764951
0.957322   0.846512   0.190158   0.259264   0.024786   0.948712   0.760638   0.471270
0.857057   0.865297   0.476316   0.311800   0.254877   0.961067   0.067752   0.362987
0.377095   0.673789   0.228631   0.069490   0.319594   0.167184   0.954339   0.831737
0.857514   0.052075   0.847453   0.649719   0.256801   0.312977   0.904384   0.764326
0.150897   0.781208   0.331300   0.477684   0.230724   0.082890   0.936516   0.588257
0.687589   0.886366   0.287894   0.713814   0.205848   0.274651   0.480496   0.358462
0.771940   0.941191   0.396700   0.929747   0.669156   0.235070   0.394465   0.072081
3
-1 60 0.001
1 1 1 1 1 1 1 1
-0.6 50 0.001
1 0 0 0 0 0 0 0
0.53 400 0.001
1 1 1 1 1 1 1 1